01002     003863     04     A
01005     000120     02     Z
01001     001456     02     Z
01005     000121     03     B
01044     002381     01     B
01088     000000     06     C
01019     002913     02     A
01008     002513     01     Z
01023     000125     04     D
01003     003576     01     Z
01005     000121     02     Z
01088     002315     01     C
01005     000155     09     Z
01001     003101     01     Z
01015     002442     01     C
01008     001578     06     E
01001     000155     08     Z
01004     000120     05     Z
01005     002638     01     A
01015     003575     01     Z
01019     001345     02     E